0 0
0.01 5e-05
0.02 0.0001
0.03 0.00015
0.04 0.0002
0.05 0.00025
0.06 0.0003
0.07 0.00035
0.08 0.0004
0.09 0.00045
0.1 0.0005
0.11 0.00055
0.12 0.0006
0.13 0.00065
0.14 0.0007
0.15 0.00075
0.16 0.0008
0.17 0.00085
0.18 0.0009
0.19 0.00095
0.2 0.001
0.21 0.00105
0.22 0.0011
0.23 0.00115
0.24 0.0012
0.25 0.00125
0.26 0.0013
0.27 0.00135
0.28 0.0014
0.29 0.00145
0.3 0.0015
0.31 0.00155
0.32 0.0016
0.33 0.00165
0.34 0.0017
0.35 0.00175
0.36 0.0018
0.37 0.00185
0.38 0.0019
0.39 0.00195
0.4 0.002
0.41 0.00205
0.42 0.0021
0.43 0.00215
0.44 0.0022
0.45 0.00225
0.46 0.0023
0.47 0.00235
0.48 0.0024
0.49 0.00245
0.5 0.0025
0.51 0.00255
0.52 0.0026
0.53 0.00265
0.54 0.0027
0.55 0.00275
0.56 0.0028
0.57 0.00285
0.58 0.00289999
0.59 0.00294999
0.6 0.00299998
0.61 0.00304996
0.62 0.00309994
0.63 0.00314991
0.64 0.00319985
0.65 0.00324977
0.66 0.00329964
0.67 0.00334946
0.68 0.00339918
0.69 0.00344877
0.7 0.00349818
0.71 0.00354733
0.72 0.00359613
0.73 0.00364441
0.74 0.00369204
0.75 0.00373873
0.76 0.00378422
0.77 0.00382805
0.78 0.00386979
0.79 0.00390872
0.8 0.00394413
0.81 0.00397493
0.82 0.00400005
0.83 0.00401789
0.84 0.00402687
0.85 0.00402475
0.86 0.00400932
0.87 0.00397756
0.88 0.00392646
0.89 0.00385213
0.9 0.00375068
0.91 0.00361725
0.92 0.00344701
0.93 0.00323415
0.94 0.00297287
0.95 0.00265653
0.96 0.00227845
0.97 0.0018313
0.98 0.0013077
0.99 0.000699872
1 0
